0.89974847
0.39681239
0.23093703
0.05790447
0.58007307
0.84957774
0.14920857
0.53096922
0.50478131
0.37859890
0.28258659
0.60370617
0.37974643
0.43200744
0.88408111
0.22020317
0.57432137
0.18317436
0.49249698
0.44239695
0.88350455
0.63619480
0.99385133
0.31862421
0.25830014
0.97344580
0.52614903
0.75613626
0.39071986
0.17868286
0.79939268
0.62396527
0.00429602
0.30969609
0.31757807
0.11423535
0.29933342
0.00628067
0.33234937
0.29359342
0.90822343
0.08656673
0.56931336
0.81091951
0.18299295
0.36178481
0.81737274
0.00176362
0.91161862
0.52985681
0.51280095
0.70200797
0.25354519
0.75603612
0.93347555
0.44639899
0.40815342
0.52456518
0.68391250
0.33503717
0.25816708
0.67024001
0.43549853
0.15408789
